[v.jpg]
filters=glow2=1,1.000000,250.000000;Boost=1,36.842106;
moddate=007a7a1532eed301
width=698
height=265
textactive=0
